QQQ,20110915 09:30:59,55.97,55.98,55.83,55.88,192521
QQQ,20110915 09:31:59,55.88,55.95,55.87,55.91,76420
QQQ,20110915 09:32:59,55.9,55.91,55.81,55.82,107719
QQQ,20110915 09:33:57,55.82,55.84,55.76,55.78,71707
QQQ,20110915 09:34:59,55.78,55.83,55.77,55.8,53684
QQQ,20110915 09:35:59,55.79,55.83,55.72,55.73,86769
QQQ,20110915 09:36:59,55.74,55.77,55.7,55.73,91506
QQQ,20110915 09:37:56,55.73,55.77,55.71,55.74,48781
QQQ,20110915 09:38:57,55.75,55.78,55.73,55.77,52872
QQQ,20110915 09:39:59,55.76,55.76,55.69,55.75,106283
QQQ,20110915 09:40:59,55.74,55.74,55.61,55.62,79450
QQQ,20110915 09:41:59,55.62,55.65,55.57,55.61,80700
QQQ,20110915 09:42:58,55.62,55.66,55.58,55.66,75474
QQQ,20110915 09:43:58,55.66,55.66,55.61,55.63,20996
QQQ,20110915 09:44:59,55.64,55.72,55.64,55.71,60454
QQQ,20110915 09:45:58,55.71,55.79,55.71,55.77,61548
QQQ,20110915 09:46:59,55.78,55.78,55.71,55.76,46968
QQQ,20110915 09:47:56,55.77,55.77,55.73,55.75,23668
QQQ,20110915 09:48:59,55.74,55.75,55.67,55.68,25750
QQQ,20110915 09:49:58,55.69,55.73,55.62,55.73,42030
QQQ,20110915 09:50:57,55.74,55.83,55.74,55.79,45904
QQQ,20110915 09:51:58,55.79,55.84,55.78,55.84,20598
QQQ,20110915 09:52:59,55.85,55.87,55.81,55.81,33551
QQQ,20110915 09:53:54,55.82,55.84,55.78,55.79,26542
QQQ,20110915 09:54:59,55.79,55.82,55.75,55.77,43367
QQQ,20110915 09:55:59,55.77,55.82,55.77,55.79,22310
QQQ,20110915 09:56:56,55.79,55.83,55.78,55.81,8593
QQQ,20110915 09:57:59,55.8,55.84,55.78,55.82,34616
QQQ,20110915 09:58:56,55.84,55.85,55.81,55.83,20518
QQQ,20110915 09:59:59,55.83,55.86,55.77,55.79,37749
QQQ,20110915 10:00:59,55.79,55.89,55.75,55.86,164560
QQQ,20110915 10:01:59,55.86,55.95,55.84,55.92,97897
QQQ,20110915 10:02:59,55.91,55.91,55.88,55.88,49801
QQQ,20110915 10:03:59,55.88,55.98,55.86,55.97,57600
QQQ,20110915 10:04:59,55.96,56,55.96,56,87295
QQQ,20110915 10:05:59,56,56.03,55.97,55.99,140403
QQQ,20110915 10:06:58,55.99,56,55.94,55.96,53793
QQQ,20110915 10:07:59,55.96,55.99,55.94,55.95,20618
QQQ,20110915 10:08:59,55.94,55.96,55.91,55.91,54273
QQQ,20110915 10:09:57,55.91,55.95,55.91,55.95,32388
QQQ,20110915 10:10:59,55.94,55.94,55.89,55.91,16484
QQQ,20110915 10:11:57,55.91,55.95,55.87,55.88,44701
QQQ,20110915 10:12:58,55.88,55.92,55.88,55.89,31564
QQQ,20110915 10:13:59,55.88,55.89,55.84,55.89,50103
QQQ,20110915 10:14:59,55.9,55.91,55.85,55.86,22479
QQQ,20110915 10:15:59,55.85,55.86,55.77,55.78,72485
QQQ,20110915 10:16:56,55.78,55.79,55.75,55.77,46450
QQQ,20110915 10:17:59,55.79,55.85,55.79,55.83,24888
QQQ,20110915 10:18:56,55.82,55.85,55.8,55.84,24517
QQQ,20110915 10:19:59,55.85,55.85,55.82,55.84,10761
QQQ,20110915 10:20:59,55.84,55.84,55.74,55.77,35972
QQQ,20110915 10:21:57,55.77,55.79,55.74,55.79,28260
QQQ,20110915 10:22:58,55.78,55.78,55.72,55.75,45372
QQQ,20110915 10:23:59,55.75,55.75,55.7,55.7,15290
QQQ,20110915 10:24:59,55.71,55.71,55.65,55.67,33982
QQQ,20110915 10:25:59,55.68,55.72,55.65,55.71,61605
QQQ,20110915 10:26:59,55.72,55.72,55.65,55.65,51734
QQQ,20110915 10:27:58,55.64,55.71,55.63,55.69,56489
QQQ,20110915 10:28:58,55.7,55.7,55.66,55.7,10586
QQQ,20110915 10:29:59,55.71,55.73,55.69,55.7,28065
QQQ,20110915 10:30:59,55.7,55.71,55.61,55.61,30047
QQQ,20110915 10:31:59,55.6,55.66,55.6,55.63,69547
QQQ,20110915 10:32:59,55.62,55.62,55.57,55.58,37172
QQQ,20110915 10:33:58,55.6,55.61,55.56,55.6,16599
QQQ,20110915 10:34:57,55.6,55.62,55.6,55.62,21405
QQQ,20110915 10:35:59,55.63,55.63,55.54,55.54,33133
QQQ,20110915 10:36:59,55.53,55.53,55.5,55.52,34302
QQQ,20110915 10:37:57,55.52,55.53,55.48,55.48,28483
QQQ,20110915 10:38:59,55.49,55.56,55.48,55.54,36201
QQQ,20110915 10:39:58,55.54,55.54,55.5,55.51,33690
QQQ,20110915 10:40:58,55.51,55.59,55.51,55.54,78137
QQQ,20110915 10:41:58,55.53,55.56,55.52,55.56,25337
QQQ,20110915 10:42:57,55.57,55.61,55.56,55.61,21362
QQQ,20110915 10:43:57,55.6,55.63,55.59,55.62,19715
QQQ,20110915 10:44:59,55.62,55.64,55.62,55.62,13067
QQQ,20110915 10:45:58,55.62,55.62,55.56,55.62,32984
QQQ,20110915 10:46:59,55.63,55.65,55.59,55.65,16005
QQQ,20110915 10:47:59,55.65,55.67,55.63,55.66,39335
QQQ,20110915 10:48:57,55.67,55.7,55.64,55.65,26270
QQQ,20110915 10:49:59,55.65,55.65,55.62,55.65,10695
QQQ,20110915 10:50:58,55.64,55.66,55.55,55.56,18010
QQQ,20110915 10:51:59,55.56,55.57,55.53,55.53,20890
QQQ,20110915 10:52:51,55.54,55.6,55.54,55.59,23270
QQQ,20110915 10:53:57,55.59,55.59,55.53,55.55,17180
QQQ,20110915 10:54:57,55.54,55.54,55.49,55.53,30200
QQQ,20110915 10:55:56,55.53,55.64,55.53,55.62,52057
QQQ,20110915 10:56:57,55.62,55.63,55.58,55.58,24878
QQQ,20110915 10:57:59,55.59,55.59,55.5,55.5,48388
QQQ,20110915 10:58:59,55.5,55.51,55.45,55.51,32319
QQQ,20110915 10:59:58,55.51,55.54,55.48,55.53,23270
QQQ,20110915 11:00:59,55.52,55.52,55.43,55.43,47145
QQQ,20110915 11:01:57,55.43,55.46,55.39,55.45,58188
QQQ,20110915 11:02:59,55.44,55.49,55.44,55.47,46200
QQQ,20110915 11:03:57,55.48,55.54,55.48,55.53,39258
QQQ,20110915 11:04:59,55.53,55.54,55.52,55.52,22639
QQQ,20110915 11:05:56,55.53,55.58,55.53,55.58,19575
QQQ,20110915 11:06:59,55.56,55.58,55.56,55.56,12300
QQQ,20110915 11:07:59,55.56,55.65,55.56,55.64,33084
QQQ,20110915 11:08:55,55.64,55.66,55.62,55.63,31244
QQQ,20110915 11:09:59,55.62,55.68,55.62,55.68,71925
QQQ,20110915 11:10:57,55.68,55.7,55.67,55.68,22029
QQQ,20110915 11:11:56,55.68,55.69,55.66,55.66,25678
QQQ,20110915 11:12:59,55.67,55.69,55.67,55.69,17211
QQQ,20110915 11:13:59,55.69,55.69,55.65,55.65,8363
QQQ,20110915 11:14:52,55.65,55.65,55.59,55.59,49456
QQQ,20110915 11:15:58,55.6,55.66,55.6,55.65,60880
QQQ,20110915 11:16:57,55.65,55.65,55.63,55.63,7200
QQQ,20110915 11:17:59,55.64,55.7,55.64,55.7,18741
QQQ,20110915 11:18:58,55.7,55.76,55.7,55.76,37076
QQQ,20110915 11:19:58,55.75,55.76,55.73,55.73,42443
QQQ,20110915 11:20:56,55.73,55.75,55.72,55.75,16521
QQQ,20110915 11:21:54,55.75,55.8,55.74,55.8,17607
QQQ,20110915 11:22:44,55.8,55.8,55.76,55.77,27063
QQQ,20110915 11:23:51,55.77,55.77,55.75,55.77,9416
QQQ,20110915 11:24:56,55.76,55.78,55.76,55.76,7372
QQQ,20110915 11:25:57,55.75,55.75,55.68,55.69,22400
QQQ,20110915 11:26:54,55.69,55.7,55.67,55.7,47021
QQQ,20110915 11:27:56,55.71,55.71,55.65,55.69,16196
QQQ,20110915 11:28:53,55.67,55.69,55.67,55.68,6233
QQQ,20110915 11:29:59,55.67,55.75,55.67,55.74,13038
QQQ,20110915 11:31:49,55.77,55.8,55.75,55.78,21130
QQQ,20110915 11:32:54,55.79,55.8,55.78,55.78,4098
QQQ,20110915 11:33:52,55.78,55.79,55.78,55.78,2000
QQQ,20110915 11:34:55,55.78,55.79,55.76,55.76,6300
QQQ,20110915 11:35:58,55.75,55.77,55.74,55.75,7306
QQQ,20110915 11:36:59,55.77,55.82,55.77,55.8,45180
QQQ,20110915 11:37:52,55.8,55.81,55.79,55.81,23054
QQQ,20110915 11:38:51,55.81,55.85,55.8,55.85,20877
QQQ,20110915 11:39:56,55.84,55.87,55.84,55.86,8692
QQQ,20110915 11:40:48,55.86,55.87,55.83,55.85,8969
QQQ,20110915 11:41:56,55.84,55.85,55.83,55.85,25179
QQQ,20110915 11:42:54,55.85,55.87,55.85,55.85,26347
QQQ,20110915 11:43:59,55.85,55.9,55.84,55.9,32876
QQQ,20110915 11:44:55,55.89,55.91,55.88,55.89,37009
QQQ,20110915 11:45:57,55.88,55.91,55.87,55.89,63798
QQQ,20110915 11:46:56,55.89,55.9,55.87,55.89,10899
QQQ,20110915 11:47:58,55.9,55.91,55.86,55.86,20299
QQQ,20110915 11:48:54,55.85,55.89,55.85,55.86,19850
QQQ,20110915 11:49:59,55.86,55.87,55.86,55.86,17841
QQQ,20110915 11:50:55,55.86,55.88,55.86,55.86,29977
QQQ,20110915 11:51:58,55.86,55.86,55.81,55.82,69370
QQQ,20110915 11:52:59,55.81,55.81,55.78,55.8,23282
QQQ,20110915 11:53:53,55.81,55.84,55.8,55.82,14423
QQQ,20110915 11:54:59,55.81,55.82,55.8,55.8,21204
QQQ,20110915 11:55:59,55.8,55.83,55.8,55.82,13218
QQQ,20110915 11:56:57,55.83,55.86,55.83,55.86,16877
QQQ,20110915 11:57:58,55.87,55.88,55.85,55.85,7406
QQQ,20110915 11:58:53,55.85,55.85,55.79,55.82,46985
QQQ,20110915 11:59:52,55.83,55.86,55.82,55.85,19479
QQQ,20110915 12:00:53,55.85,55.85,55.82,55.84,8880
QQQ,20110915 12:01:57,55.83,55.83,55.8,55.81,16300
QQQ,20110915 12:02:59,55.81,55.81,55.77,55.79,30939
QQQ,20110915 12:03:59,55.78,55.81,55.77,55.81,34406
QQQ,20110915 12:04:56,55.82,55.85,55.82,55.85,23300
QQQ,20110915 12:05:59,55.84,55.84,55.8,55.81,20047
QQQ,20110915 12:06:56,55.8,55.8,55.77,55.78,17510
QQQ,20110915 12:07:59,55.78,55.8,55.78,55.79,21534
QQQ,20110915 12:08:53,55.79,55.84,55.79,55.84,37700
QQQ,20110915 12:09:59,55.84,55.88,55.84,55.88,38590
QQQ,20110915 12:10:58,55.89,55.93,55.86,55.92,58617
QQQ,20110915 12:11:58,55.93,55.93,55.89,55.9,11434
QQQ,20110915 12:12:58,55.89,55.89,55.86,55.87,14922
QQQ,20110915 12:13:59,55.87,55.87,55.84,55.84,30391
QQQ,20110915 12:14:55,55.85,55.85,55.81,55.83,44987
QQQ,20110915 12:15:42,55.83,55.84,55.83,55.83,8085
QQQ,20110915 12:16:59,55.82,55.86,55.82,55.86,16000
QQQ,20110915 12:17:56,55.87,55.88,55.86,55.88,27504
QQQ,20110915 12:18:58,55.88,55.9,55.88,55.89,25700
QQQ,20110915 12:19:56,55.89,55.9,55.87,55.88,17667
QQQ,20110915 12:20:58,55.88,55.89,55.85,55.86,36441
QQQ,20110915 12:21:57,55.85,55.85,55.84,55.85,24316
QQQ,20110915 12:22:56,55.84,55.85,55.83,55.84,8700
QQQ,20110915 12:23:49,55.84,55.84,55.82,55.84,8000
QQQ,20110915 12:24:57,55.83,55.84,55.82,55.82,7600
QQQ,20110915 12:25:51,55.82,55.87,55.82,55.87,11722
QQQ,20110915 12:26:58,55.87,55.87,55.85,55.87,7579
QQQ,20110915 12:27:48,55.86,55.87,55.85,55.86,2900
QQQ,20110915 12:28:54,55.87,55.88,55.87,55.88,8600
QQQ,20110915 12:29:59,55.86,55.87,55.86,55.87,6599
QQQ,20110915 12:30:59,55.88,55.93,55.86,55.92,28131
QQQ,20110915 12:31:58,55.93,55.93,55.91,55.91,12420
QQQ,20110915 12:32:57,55.92,55.94,55.91,55.94,4813
QQQ,20110915 12:33:38,55.95,55.95,55.93,55.94,4424
QQQ,20110915 12:34:54,55.95,55.95,55.94,55.95,14200
QQQ,20110915 12:35:56,55.94,55.97,55.94,55.96,25860
QQQ,20110915 12:36:59,55.97,56,55.96,55.99,59235
QQQ,20110915 12:37:59,56,56,55.96,55.98,43825
QQQ,20110915 12:38:40,55.98,55.99,55.97,55.97,4890
QQQ,20110915 12:39:45,55.97,55.99,55.97,55.98,5800
QQQ,20110915 12:40:56,55.98,56,55.98,56,19214
QQQ,20110915 12:41:59,56,56,55.99,56,8300
QQQ,20110915 12:42:53,56,56.01,55.99,56,63813
QQQ,20110915 12:43:48,55.99,56,55.98,55.99,7735
QQQ,20110915 12:44:59,56.01,56.02,55.99,56,11882
QQQ,20110915 12:45:59,56.01,56.01,55.99,56,15355
QQQ,20110915 12:46:59,56,56.01,55.98,55.98,15650
QQQ,20110915 12:47:55,55.97,55.99,55.97,55.99,12068
QQQ,20110915 12:48:56,55.99,55.99,55.97,55.99,48906
QQQ,20110915 12:49:53,56,56.01,55.99,55.99,11319
QQQ,20110915 12:50:56,56,56.02,55.98,56,43490
QQQ,20110915 12:51:46,55.99,56,55.98,55.99,6893
QQQ,20110915 12:52:58,55.99,55.99,55.98,55.98,11300
QQQ,20110915 12:53:58,55.98,55.98,55.95,55.95,14657
QQQ,20110915 12:54:59,55.96,55.97,55.95,55.95,22042
QQQ,20110915 12:55:52,55.96,55.99,55.96,55.98,8274
QQQ,20110915 12:56:56,55.99,55.99,55.97,55.98,9493
QQQ,20110915 12:57:53,55.98,55.98,55.97,55.98,1800
QQQ,20110915 12:58:59,55.99,56,55.99,56,17730
QQQ,20110915 12:59:57,55.99,55.99,55.98,55.99,29100
QQQ,20110915 13:00:51,55.99,56.01,55.98,56,139386
QQQ,20110915 13:01:47,56,56.02,56,56.01,8315
QQQ,20110915 13:02:55,56.02,56.02,56,56,17629
QQQ,20110915 13:03:57,56.01,56.01,55.98,56.01,44981
QQQ,20110915 13:04:59,56.02,56.07,56.02,56.06,51748
QQQ,20110915 13:05:57,56.07,56.08,56.06,56.08,28373
QQQ,20110915 13:06:56,56.08,56.1,56.07,56.1,36613
QQQ,20110915 13:07:58,56.1,56.1,56.07,56.07,33784
QQQ,20110915 13:08:55,56.08,56.1,56.08,56.09,17263
QQQ,20110915 13:09:59,56.09,56.09,56.07,56.09,32780
QQQ,20110915 13:10:54,56.1,56.13,56.1,56.11,59539
QQQ,20110915 13:11:57,56.11,56.11,56.09,56.1,10999
QQQ,20110915 13:12:57,56.1,56.13,56.1,56.12,23422
QQQ,20110915 13:13:51,56.12,56.12,56.09,56.09,11568
QQQ,20110915 13:14:50,56.1,56.1,56.08,56.1,14439
QQQ,20110915 13:15:42,56.09,56.1,56.08,56.09,25067
QQQ,20110915 13:16:54,56.09,56.12,56.09,56.11,6002
QQQ,20110915 13:17:55,56.12,56.12,56.1,56.1,4300
QQQ,20110915 13:18:57,56.1,56.1,56.09,56.09,7800
QQQ,20110915 13:19:56,56.09,56.09,56.06,56.07,15666
QQQ,20110915 13:20:57,56.07,56.08,56.06,56.07,25228
QQQ,20110915 13:21:58,56.06,56.08,56.06,56.06,10539
QQQ,20110915 13:22:58,56.06,56.08,56.06,56.07,5698
QQQ,20110915 13:23:57,56.08,56.08,56.06,56.08,24550
QQQ,20110915 13:24:59,56.09,56.09,56.08,56.09,6554
QQQ,20110915 13:25:57,56.09,56.1,56.08,56.09,3291
QQQ,20110915 13:26:56,56.1,56.1,56.07,56.08,11673
QQQ,20110915 13:27:57,56.07,56.08,56.07,56.07,5975
QQQ,20110915 13:28:59,56.08,56.08,56.05,56.05,15926
QQQ,20110915 13:29:58,56.05,56.06,56.01,56.01,16996
QQQ,20110915 13:30:54,56.01,56.02,55.98,55.99,28440
QQQ,20110915 13:31:54,55.99,56.02,55.99,56.02,20196
QQQ,20110915 13:32:57,56.01,56.02,56,56.01,6872
QQQ,20110915 13:33:54,56.01,56.01,56,56.01,9770
QQQ,20110915 13:34:57,56.01,56.02,56,56.02,15872
QQQ,20110915 13:35:59,56.01,56.02,56.01,56.02,4413
QQQ,20110915 13:36:59,56.01,56.02,56.01,56.01,4150
QQQ,20110915 13:37:58,56.01,56.01,55.97,55.98,27680
QQQ,20110915 13:38:57,55.97,55.97,55.94,55.95,36510
QQQ,20110915 13:39:57,55.95,55.98,55.94,55.97,26016
QQQ,20110915 13:40:56,55.96,55.97,55.95,55.97,23599
QQQ,20110915 13:41:57,55.96,55.98,55.95,55.98,11504
QQQ,20110915 13:42:48,55.98,56,55.98,55.99,18087
QQQ,20110915 13:43:58,55.99,56.01,55.99,56.01,8950
QQQ,20110915 13:44:56,56,56.01,56,56.01,7881
QQQ,20110915 13:45:54,56.01,56.06,56.01,56.04,21136
QQQ,20110915 13:46:57,56.04,56.04,56,56,11885
QQQ,20110915 13:47:57,56,56.01,55.96,55.96,10538
QQQ,20110915 13:48:59,55.97,55.98,55.96,55.97,18355
QQQ,20110915 13:49:51,55.97,56,55.94,55.98,42634
QQQ,20110915 13:50:59,55.98,55.98,55.94,55.95,32808
QQQ,20110915 13:51:59,55.95,56.01,55.95,56.01,60387
QQQ,20110915 13:52:57,56.02,56.04,56.02,56.04,41759
QQQ,20110915 13:53:53,56.05,56.07,56.04,56.05,87802
QQQ,20110915 13:54:55,56.06,56.09,56.05,56.08,59820
QQQ,20110915 13:55:59,56.07,56.07,56.04,56.05,47200
QQQ,20110915 13:56:56,56.05,56.05,56.03,56.04,19243
QQQ,20110915 13:57:59,56.05,56.07,56.05,56.05,29206
QQQ,20110915 13:58:56,56.05,56.06,56.04,56.05,11121
QQQ,20110915 13:59:58,56.05,56.09,56.05,56.09,49620
QQQ,20110915 14:00:59,56.09,56.15,56.09,56.14,83045
QQQ,20110915 14:01:59,56.15,56.15,56.11,56.13,17723
QQQ,20110915 14:02:51,56.13,56.13,56.11,56.11,4973
QQQ,20110915 14:03:56,56.12,56.13,56.11,56.13,19272
QQQ,20110915 14:04:59,56.14,56.17,56.13,56.15,77974
QQQ,20110915 14:05:58,56.16,56.17,56.14,56.15,25357
QQQ,20110915 14:06:59,56.14,56.15,56.11,56.15,11085
QQQ,20110915 14:07:57,56.14,56.14,56.12,56.13,6694
QQQ,20110915 14:08:54,56.14,56.14,56.11,56.12,6800
QQQ,20110915 14:09:53,56.12,56.16,56.12,56.15,14465
QQQ,20110915 14:10:56,56.15,56.17,56.15,56.16,43031
QQQ,20110915 14:11:58,56.16,56.2,56.15,56.19,81882
QQQ,20110915 14:12:58,56.19,56.24,56.19,56.21,72056
QQQ,20110915 14:13:58,56.22,56.22,56.19,56.21,13660
QQQ,20110915 14:14:58,56.2,56.21,56.16,56.16,21279
QQQ,20110915 14:15:59,56.16,56.2,56.16,56.17,54480
QQQ,20110915 14:16:54,56.17,56.17,56.13,56.15,38389
QQQ,20110915 14:17:56,56.16,56.19,56.14,56.15,39328
QQQ,20110915 14:18:55,56.15,56.15,56.11,56.13,12452
QQQ,20110915 14:19:48,56.14,56.14,56.13,56.14,18379
QQQ,20110915 14:20:59,56.15,56.15,56.11,56.13,12887
QQQ,20110915 14:21:58,56.14,56.14,56.1,56.11,16606
QQQ,20110915 14:22:58,56.1,56.11,56.09,56.11,16045
QQQ,20110915 14:23:59,56.11,56.13,56.08,56.08,17160
QQQ,20110915 14:24:54,56.08,56.08,56.05,56.06,24509
QQQ,20110915 14:25:57,56.06,56.08,56.05,56.07,35623
QQQ,20110915 14:26:55,56.07,56.1,56.07,56.09,12962
QQQ,20110915 14:27:58,56.09,56.11,56.08,56.09,30270
QQQ,20110915 14:28:52,56.1,56.11,56.1,56.1,9431
QQQ,20110915 14:29:54,56.1,56.12,56.1,56.12,35386
QQQ,20110915 14:30:58,56.12,56.15,55.89,56.12,1024414
QQQ,20110915 14:31:54,56.13,56.14,56.13,56.14,32078
QQQ,20110915 14:32:51,56.13,56.14,56.13,56.14,7598
QQQ,20110915 14:33:58,56.14,56.15,56.13,56.14,65575
QQQ,20110915 14:34:58,56.15,56.19,56.15,56.18,50673
QQQ,20110915 14:35:55,56.19,56.19,56.15,56.15,14771
QQQ,20110915 14:36:59,56.15,56.15,56.13,56.14,14978
QQQ,20110915 14:37:58,56.15,56.16,56.13,56.13,6570
QQQ,20110915 14:38:58,56.13,56.13,56.1,56.1,8593
QQQ,20110915 14:39:52,56.09,56.15,56.09,56.13,18671
QQQ,20110915 14:40:58,56.14,56.17,56.14,56.17,18557
QQQ,20110915 14:41:59,56.16,56.17,56.15,56.15,17883
QQQ,20110915 14:42:58,56.15,56.16,56.13,56.14,28401
QQQ,20110915 14:43:59,56.14,56.16,56.13,56.16,5476
QQQ,20110915 14:44:56,56.16,56.17,56.16,56.16,5821
QQQ,20110915 14:45:58,56.16,56.21,56.16,56.2,31805
QQQ,20110915 14:46:54,56.2,56.21,56.17,56.19,17920
QQQ,20110915 14:47:55,56.18,56.19,56.13,56.13,10697
QQQ,20110915 14:48:58,56.13,56.17,56.11,56.15,28334
QQQ,20110915 14:49:58,56.16,56.17,56.15,56.17,4909
QQQ,20110915 14:50:57,56.17,56.17,56.15,56.15,9679
QQQ,20110915 14:51:59,56.15,56.16,56.15,56.16,3107
QQQ,20110915 14:52:56,56.15,56.18,56.15,56.16,17849
QQQ,20110915 14:53:58,56.16,56.17,56.16,56.17,4550
QQQ,20110915 14:54:58,56.18,56.21,56.18,56.2,26956
QQQ,20110915 14:55:57,56.2,56.24,56.2,56.22,47839
QQQ,20110915 14:56:57,56.21,56.22,56.18,56.19,37827
QQQ,20110915 14:57:50,56.2,56.2,56.18,56.19,4200
QQQ,20110915 14:58:59,56.21,56.22,56.2,56.22,13400
QQQ,20110915 14:59:59,56.21,56.21,56.18,56.2,22000
QQQ,20110915 15:00:58,56.19,56.23,56.19,56.22,35756
QQQ,20110915 15:01:58,56.21,56.22,56.2,56.21,23238
QQQ,20110915 15:02:59,56.21,56.26,56.21,56.26,52455
QQQ,20110915 15:03:55,56.26,56.27,56.24,56.26,72628
QQQ,20110915 15:04:59,56.27,56.28,56.24,56.24,11400
QQQ,20110915 15:05:54,56.24,56.27,56.24,56.24,98986
QQQ,20110915 15:06:54,56.23,56.26,56.23,56.25,33780
QQQ,20110915 15:07:51,56.25,56.27,56.25,56.26,11301
QQQ,20110915 15:08:58,56.27,56.27,56.26,56.26,9235
QQQ,20110915 15:09:51,56.26,56.28,56.26,56.26,13837
QQQ,20110915 15:10:59,56.26,56.26,56.24,56.25,67972
QQQ,20110915 15:11:59,56.24,56.25,56.22,56.22,32862
QQQ,20110915 15:12:52,56.22,56.24,56.22,56.23,35936
QQQ,20110915 15:13:51,56.24,56.27,56.23,56.24,49293
QQQ,20110915 15:14:59,56.24,56.27,56.24,56.26,42315
QQQ,20110915 15:15:58,56.26,56.26,56.23,56.24,43398
QQQ,20110915 15:16:50,56.23,56.24,56.22,56.24,7105
QQQ,20110915 15:17:59,56.23,56.23,56.2,56.2,24250
QQQ,20110915 15:18:58,56.2,56.22,56.18,56.19,50876
QQQ,20110915 15:19:59,56.18,56.2,56.12,56.14,101368
QQQ,20110915 15:20:56,56.14,56.16,56.12,56.15,80450
QQQ,20110915 15:21:58,56.16,56.17,56.14,56.16,26089
QQQ,20110915 15:22:58,56.16,56.17,56.15,56.17,26196
QQQ,20110915 15:23:59,56.16,56.19,56.15,56.18,39616
QQQ,20110915 15:24:56,56.18,56.18,56.16,56.16,18554
QQQ,20110915 15:25:56,56.16,56.16,56.13,56.14,63770
QQQ,20110915 15:26:59,56.13,56.13,56.1,56.12,49781
QQQ,20110915 15:27:58,56.12,56.13,56.11,56.11,16736
QQQ,20110915 15:28:57,56.11,56.11,56.04,56.04,87638
QQQ,20110915 15:29:59,56.05,56.09,56.04,56.08,37050
QQQ,20110915 15:30:59,56.07,56.1,56.05,56.1,57758
QQQ,20110915 15:31:58,56.09,56.13,56.09,56.13,41924
QQQ,20110915 15:32:55,56.13,56.14,56.09,56.11,31052
QQQ,20110915 15:33:59,56.13,56.19,56.12,56.17,73054
QQQ,20110915 15:34:58,56.17,56.2,56.16,56.2,15369
QQQ,20110915 15:35:55,56.19,56.21,56.17,56.2,25415
QQQ,20110915 15:36:57,56.22,56.22,56.18,56.18,17935
QQQ,20110915 15:37:59,56.19,56.19,56.14,56.18,44858
QQQ,20110915 15:38:59,56.18,56.22,56.17,56.22,22875
QQQ,20110915 15:39:57,56.21,56.21,56.18,56.18,42067
QQQ,20110915 15:40:58,56.19,56.19,56.13,56.15,47711
QQQ,20110915 15:41:59,56.14,56.2,56.11,56.2,94368
QQQ,20110915 15:42:58,56.2,56.22,56.18,56.18,124979
QQQ,20110915 15:43:59,56.18,56.22,56.18,56.22,25641
QQQ,20110915 15:44:59,56.22,56.24,56.22,56.23,26710
QQQ,20110915 15:45:58,56.24,56.24,56.18,56.19,32999
QQQ,20110915 15:46:57,56.18,56.19,56.15,56.16,96282
QQQ,20110915 15:47:58,56.17,56.18,56.13,56.15,35312
QQQ,20110915 15:48:58,56.15,56.16,56.13,56.15,82208
QQQ,20110915 15:49:59,56.16,56.22,56.14,56.22,81874
QQQ,20110915 15:50:57,56.21,56.22,56.18,56.2,93938
QQQ,20110915 15:51:58,56.2,56.23,56.2,56.21,44547
QQQ,20110915 15:52:59,56.21,56.21,56.18,56.18,19879
QQQ,20110915 15:53:57,56.18,56.19,56.14,56.16,25582
QQQ,20110915 15:54:56,56.16,56.18,56.13,56.15,59527
QQQ,20110915 15:55:59,56.16,56.17,56.14,56.17,23167
QQQ,20110915 15:56:58,56.17,56.17,56.12,56.15,42152
QQQ,20110915 15:57:58,56.15,56.15,56.1,56.1,54002
QQQ,20110915 15:58:59,56.11,56.12,56.09,56.12,52009
QQQ,20110915 15:59:59,56.13,56.19,56.11,56.19,109767
