QQQ,19800102,55.97,55.98,55.83,55.88,192521
QQQ,19800103,55.88,55.95,55.87,55.91,76420
QQQ,19800104,55.9,55.91,55.81,55.82,107719
QQQ,19800105,55.82,55.84,55.76,55.78,71707
QQQ,19800106,55.78,55.83,55.77,55.8,53684
QQQ,19800107,55.79,55.83,55.72,55.73,86769
QQQ,19800108,55.74,55.77,55.7,55.73,91506
QQQ,19800109,55.73,55.77,55.71,55.74,48781
QQQ,19800110,55.75,55.78,55.73,55.77,52872
QQQ,19800111,55.76,55.76,55.69,55.75,106283
QQQ,19800112,55.74,55.74,55.61,55.62,79450
QQQ,19800113,55.62,55.65,55.57,55.61,80700
QQQ,19800114,55.62,55.66,55.58,55.66,75474
QQQ,19800115,55.66,55.66,55.61,55.63,20996
QQQ,19800116,55.64,55.72,55.64,55.71,60454
QQQ,19800117,55.71,55.79,55.71,55.77,61548
QQQ,19800118,55.78,55.78,55.71,55.76,46968
QQQ,19800119,55.77,55.77,55.73,55.75,23668
QQQ,19800120,55.74,55.75,55.67,55.68,25750
QQQ,19800121,55.69,55.73,55.62,55.73,42030
QQQ,19800122,55.74,55.83,55.74,55.79,45904
QQQ,19800123,55.79,55.84,55.78,55.84,20598
QQQ,19800124,55.85,55.87,55.81,55.81,33551
QQQ,19800125,55.82,55.84,55.78,55.79,26542
QQQ,19800126,55.79,55.82,55.75,55.77,43367
QQQ,19800127,55.77,55.82,55.77,55.79,22310
QQQ,19800128,55.79,55.83,55.78,55.81,8593
QQQ,19800129,55.8,55.84,55.78,55.82,34616
QQQ,19800130,55.84,55.85,55.81,55.83,20518
QQQ,19800131,55.83,55.86,55.77,55.79,37749
QQQ,19800201,55.79,55.89,55.75,55.86,164560
QQQ,19800202,55.86,55.95,55.84,55.92,97897
QQQ,19800203,55.91,55.91,55.88,55.88,49801
QQQ,19800204,55.88,55.98,55.86,55.97,57600
QQQ,19800205,55.96,56,55.96,56,87295
QQQ,19800206,56,56.03,55.97,55.99,140403
QQQ,19800207,55.99,56,55.94,55.96,53793
QQQ,19800208,55.96,55.99,55.94,55.95,20618
QQQ,19800209,55.94,55.96,55.91,55.91,54273
QQQ,19800210,55.91,55.95,55.91,55.95,32388
QQQ,19800211,55.94,55.94,55.89,55.91,16484
QQQ,19800212,55.91,55.95,55.87,55.88,44701
QQQ,19800213,55.88,55.92,55.88,55.89,31564
QQQ,19800214,55.88,55.89,55.84,55.89,50103
QQQ,19800215,55.9,55.91,55.85,55.86,22479
QQQ,19800216,55.85,55.86,55.77,55.78,72485
QQQ,19800217,55.78,55.79,55.75,55.77,46450
QQQ,19800218,55.79,55.85,55.79,55.83,24888
QQQ,19800219,55.82,55.85,55.8,55.84,24517
QQQ,19800220,55.85,55.85,55.82,55.84,10761
QQQ,19800221,55.84,55.84,55.74,55.77,35972
QQQ,19800222,55.77,55.79,55.74,55.79,28260
QQQ,19800223,55.78,55.78,55.72,55.75,45372
QQQ,19800224,55.75,55.75,55.7,55.7,15290
QQQ,19800225,55.71,55.71,55.65,55.67,33982
QQQ,19800226,55.68,55.72,55.65,55.71,61605
QQQ,19800227,55.72,55.72,55.65,55.65,51734
QQQ,19800228,55.64,55.71,55.63,55.69,56489
QQQ,19800229,55.7,55.7,55.66,55.7,10586
QQQ,19800301,55.71,55.73,55.69,55.7,28065
QQQ,19800302,55.7,55.71,55.61,55.61,30047
QQQ,19800303,55.6,55.66,55.6,55.63,69547
QQQ,19800304,55.62,55.62,55.57,55.58,37172
QQQ,19800305,55.6,55.61,55.56,55.6,16599
QQQ,19800306,55.6,55.62,55.6,55.62,21405
QQQ,19800307,55.63,55.63,55.54,55.54,33133
QQQ,19800308,55.53,55.53,55.5,55.52,34302
QQQ,19800309,55.52,55.53,55.48,55.48,28483
QQQ,19800310,55.49,55.56,55.48,55.54,36201
QQQ,19800311,55.54,55.54,55.5,55.51,33690
QQQ,19800312,55.51,55.59,55.51,55.54,78137
QQQ,19800313,55.53,55.56,55.52,55.56,25337
QQQ,19800314,55.57,55.61,55.56,55.61,21362
QQQ,19800315,55.6,55.63,55.59,55.62,19715
QQQ,19800316,55.62,55.64,55.62,55.62,13067
QQQ,19800317,55.62,55.62,55.56,55.62,32984
QQQ,19800318,55.63,55.65,55.59,55.65,16005
QQQ,19800319,55.65,55.67,55.63,55.66,39335
QQQ,19800320,55.67,55.7,55.64,55.65,26270
QQQ,19800321,55.65,55.65,55.62,55.65,10695
QQQ,19800322,55.64,55.66,55.55,55.56,18010
QQQ,19800323,55.56,55.57,55.53,55.53,20890
QQQ,19800324,55.54,55.6,55.54,55.59,23270
QQQ,19800325,55.59,55.59,55.53,55.55,17180
QQQ,19800326,55.54,55.54,55.49,55.53,30200
QQQ,19800327,55.53,55.64,55.53,55.62,52057
QQQ,19800328,55.62,55.63,55.58,55.58,24878
QQQ,19800329,55.59,55.59,55.5,55.5,48388
QQQ,19800330,55.5,55.51,55.45,55.51,32319
QQQ,19800331,55.51,55.54,55.48,55.53,23270
QQQ,19800401,55.52,55.52,55.43,55.43,47145
QQQ,19800402,55.43,55.46,55.39,55.45,58188
QQQ,19800403,55.44,55.49,55.44,55.47,46200
QQQ,19800404,55.48,55.54,55.48,55.53,39258
QQQ,19800405,55.53,55.54,55.52,55.52,22639
QQQ,19800406,55.53,55.58,55.53,55.58,19575
QQQ,19800407,55.56,55.58,55.56,55.56,12300
QQQ,19800408,55.56,55.65,55.56,55.64,33084
QQQ,19800409,55.64,55.66,55.62,55.63,31244
QQQ,19800410,55.62,55.68,55.62,55.68,71925
QQQ,19800411,55.68,55.7,55.67,55.68,22029
QQQ,19800412,55.68,55.69,55.66,55.66,25678
QQQ,19800413,55.67,55.69,55.67,55.69,17211
QQQ,19800414,55.69,55.69,55.65,55.65,8363
QQQ,19800415,55.65,55.65,55.59,55.59,49456
QQQ,19800416,55.6,55.66,55.6,55.65,60880
QQQ,19800417,55.65,55.65,55.63,55.63,7200
QQQ,19800418,55.64,55.7,55.64,55.7,18741
QQQ,19800419,55.7,55.76,55.7,55.76,37076
QQQ,19800420,55.75,55.76,55.73,55.73,42443
QQQ,19800421,55.73,55.75,55.72,55.75,16521
QQQ,19800422,55.75,55.8,55.74,55.8,17607
QQQ,19800423,55.8,55.8,55.76,55.77,27063
QQQ,19800424,55.77,55.77,55.75,55.77,9416
QQQ,19800425,55.76,55.78,55.76,55.76,7372
QQQ,19800426,55.75,55.75,55.68,55.69,22400
QQQ,19800427,55.69,55.7,55.67,55.7,47021
QQQ,19800428,55.71,55.71,55.65,55.69,16196
QQQ,19800429,55.67,55.69,55.67,55.68,6233
QQQ,19800430,55.67,55.75,55.67,55.74,13038
QQQ,19800501,55.77,55.8,55.75,55.78,21130
QQQ,19800502,55.79,55.8,55.78,55.78,4098
QQQ,19800503,55.78,55.79,55.78,55.78,2000
QQQ,19800504,55.78,55.79,55.76,55.76,6300
QQQ,19800505,55.75,55.77,55.74,55.75,7306
QQQ,19800506,55.77,55.82,55.77,55.8,45180
QQQ,19800507,55.8,55.81,55.79,55.81,23054
QQQ,19800508,55.81,55.85,55.8,55.85,20877
QQQ,19800509,55.84,55.87,55.84,55.86,8692
QQQ,19800510,55.86,55.87,55.83,55.85,8969
QQQ,19800511,55.84,55.85,55.83,55.85,25179
QQQ,19800512,55.85,55.87,55.85,55.85,26347
QQQ,19800513,55.85,55.9,55.84,55.9,32876
QQQ,19800514,55.89,55.91,55.88,55.89,37009
QQQ,19800515,55.88,55.91,55.87,55.89,63798
QQQ,19800516,55.89,55.9,55.87,55.89,10899
QQQ,19800517,55.9,55.91,55.86,55.86,20299
QQQ,19800518,55.85,55.89,55.85,55.86,19850
QQQ,19800519,55.86,55.87,55.86,55.86,17841
QQQ,19800520,55.86,55.88,55.86,55.86,29977
QQQ,19800521,55.86,55.86,55.81,55.82,69370
QQQ,19800522,55.81,55.81,55.78,55.8,23282
QQQ,19800523,55.81,55.84,55.8,55.82,14423
QQQ,19800524,55.81,55.82,55.8,55.8,21204
QQQ,19800525,55.8,55.83,55.8,55.82,13218
QQQ,19800526,55.83,55.86,55.83,55.86,16877
QQQ,19800527,55.87,55.88,55.85,55.85,7406
QQQ,19800528,55.85,55.85,55.79,55.82,46985
QQQ,19800529,55.83,55.86,55.82,55.85,19479
QQQ,19800530,55.85,55.85,55.82,55.84,8880
QQQ,19800531,55.83,55.83,55.8,55.81,16300
QQQ,19800601,55.81,55.81,55.77,55.79,30939
QQQ,19800602,55.78,55.81,55.77,55.81,34406
QQQ,19800603,55.82,55.85,55.82,55.85,23300
QQQ,19800604,55.84,55.84,55.8,55.81,20047
QQQ,19800605,55.8,55.8,55.77,55.78,17510
QQQ,19800606,55.78,55.8,55.78,55.79,21534
QQQ,19800607,55.79,55.84,55.79,55.84,37700
QQQ,19800608,55.84,55.88,55.84,55.88,38590
QQQ,19800609,55.89,55.93,55.86,55.92,58617
QQQ,19800610,55.93,55.93,55.89,55.9,11434
QQQ,19800611,55.89,55.89,55.86,55.87,14922
QQQ,19800612,55.87,55.87,55.84,55.84,30391
QQQ,19800613,55.85,55.85,55.81,55.83,44987
QQQ,19800614,55.83,55.84,55.83,55.83,8085
QQQ,19800615,55.82,55.86,55.82,55.86,16000
QQQ,19800616,55.87,55.88,55.86,55.88,27504
QQQ,19800617,55.88,55.9,55.88,55.89,25700
QQQ,19800618,55.89,55.9,55.87,55.88,17667
QQQ,19800619,55.88,55.89,55.85,55.86,36441
QQQ,19800620,55.85,55.85,55.84,55.85,24316
QQQ,19800621,55.84,55.85,55.83,55.84,8700
QQQ,19800622,55.84,55.84,55.82,55.84,8000
QQQ,19800623,55.83,55.84,55.82,55.82,7600
QQQ,19800624,55.82,55.87,55.82,55.87,11722
QQQ,19800625,55.87,55.87,55.85,55.87,7579
QQQ,19800626,55.86,55.87,55.85,55.86,2900
QQQ,19800627,55.87,55.88,55.87,55.88,8600
QQQ,19800628,55.86,55.87,55.86,55.87,6599
QQQ,19800629,55.88,55.93,55.86,55.92,28131
QQQ,19800630,55.93,55.93,55.91,55.91,12420
QQQ,19800701,55.92,55.94,55.91,55.94,4813
QQQ,19800702,55.95,55.95,55.93,55.94,4424
QQQ,19800703,55.95,55.95,55.94,55.95,14200
QQQ,19800704,55.94,55.97,55.94,55.96,25860
QQQ,19800705,55.97,56,55.96,55.99,59235
QQQ,19800706,56,56,55.96,55.98,43825
QQQ,19800707,55.98,55.99,55.97,55.97,4890
QQQ,19800708,55.97,55.99,55.97,55.98,5800
QQQ,19800709,55.98,56,55.98,56,19214
QQQ,19800710,56,56,55.99,56,8300
QQQ,19800711,56,56.01,55.99,56,63813
QQQ,19800712,55.99,56,55.98,55.99,7735
QQQ,19800713,56.01,56.02,55.99,56,11882
QQQ,19800714,56.01,56.01,55.99,56,15355
QQQ,19800715,56,56.01,55.98,55.98,15650
QQQ,19800716,55.97,55.99,55.97,55.99,12068
QQQ,19800717,55.99,55.99,55.97,55.99,48906
QQQ,19800718,56,56.01,55.99,55.99,11319
QQQ,19800719,56,56.02,55.98,56,43490
QQQ,19800720,55.99,56,55.98,55.99,6893
QQQ,19800721,55.99,55.99,55.98,55.98,11300
QQQ,19800722,55.98,55.98,55.95,55.95,14657
QQQ,19800723,55.96,55.97,55.95,55.95,22042
QQQ,19800724,55.96,55.99,55.96,55.98,8274
QQQ,19800725,55.99,55.99,55.97,55.98,9493
QQQ,19800726,55.98,55.98,55.97,55.98,1800
QQQ,19800727,55.99,56,55.99,56,17730
QQQ,19800728,55.99,55.99,55.98,55.99,29100
QQQ,19800729,55.99,56.01,55.98,56,139386
QQQ,19800730,56,56.02,56,56.01,8315
QQQ,19800731,56.02,56.02,56,56,17629
QQQ,19800801,56.01,56.01,55.98,56.01,44981
QQQ,19800802,56.02,56.07,56.02,56.06,51748
QQQ,19800803,56.07,56.08,56.06,56.08,28373
QQQ,19800804,56.08,56.1,56.07,56.1,36613
QQQ,19800805,56.1,56.1,56.07,56.07,33784
QQQ,19800806,56.08,56.1,56.08,56.09,17263
QQQ,19800807,56.09,56.09,56.07,56.09,32780
QQQ,19800808,56.1,56.13,56.1,56.11,59539
QQQ,19800809,56.11,56.11,56.09,56.1,10999
QQQ,19800810,56.1,56.13,56.1,56.12,23422
QQQ,19800811,56.12,56.12,56.09,56.09,11568
QQQ,19800812,56.1,56.1,56.08,56.1,14439
QQQ,19800813,56.09,56.1,56.08,56.09,25067
QQQ,19800814,56.09,56.12,56.09,56.11,6002
QQQ,19800815,56.12,56.12,56.1,56.1,4300
QQQ,19800816,56.1,56.1,56.09,56.09,7800
QQQ,19800817,56.09,56.09,56.06,56.07,15666
QQQ,19800818,56.07,56.08,56.06,56.07,25228
QQQ,19800819,56.06,56.08,56.06,56.06,10539
QQQ,19800820,56.06,56.08,56.06,56.07,5698
QQQ,19800821,56.08,56.08,56.06,56.08,24550
QQQ,19800822,56.09,56.09,56.08,56.09,6554
QQQ,19800823,56.09,56.1,56.08,56.09,3291
QQQ,19800824,56.1,56.1,56.07,56.08,11673
QQQ,19800825,56.07,56.08,56.07,56.07,5975
QQQ,19800826,56.08,56.08,56.05,56.05,15926
QQQ,19800827,56.05,56.06,56.01,56.01,16996
QQQ,19800828,56.01,56.02,55.98,55.99,28440
QQQ,19800829,55.99,56.02,55.99,56.02,20196
QQQ,19800830,56.01,56.02,56,56.01,6872
QQQ,19800831,56.01,56.01,56,56.01,9770
QQQ,19800901,56.01,56.02,56,56.02,15872
QQQ,19800902,56.01,56.02,56.01,56.02,4413
QQQ,19800903,56.01,56.02,56.01,56.01,4150
QQQ,19800904,56.01,56.01,55.97,55.98,27680
QQQ,19800905,55.97,55.97,55.94,55.95,36510
QQQ,19800906,55.95,55.98,55.94,55.97,26016
QQQ,19800907,55.96,55.97,55.95,55.97,23599
QQQ,19800908,55.96,55.98,55.95,55.98,11504
QQQ,19800909,55.98,56,55.98,55.99,18087
QQQ,19800910,55.99,56.01,55.99,56.01,8950
QQQ,19800911,56,56.01,56,56.01,7881
QQQ,19800912,56.01,56.06,56.01,56.04,21136
QQQ,19800913,56.04,56.04,56,56,11885
QQQ,19800914,56,56.01,55.96,55.96,10538
QQQ,19800915,55.97,55.98,55.96,55.97,18355
QQQ,19800916,55.97,56,55.94,55.98,42634
QQQ,19800917,55.98,55.98,55.94,55.95,32808
QQQ,19800918,55.95,56.01,55.95,56.01,60387
QQQ,19800919,56.02,56.04,56.02,56.04,41759
QQQ,19800920,56.05,56.07,56.04,56.05,87802
QQQ,19800921,56.06,56.09,56.05,56.08,59820
QQQ,19800922,56.07,56.07,56.04,56.05,47200
QQQ,19800923,56.05,56.05,56.03,56.04,19243
QQQ,19800924,56.05,56.07,56.05,56.05,29206
QQQ,19800925,56.05,56.06,56.04,56.05,11121
QQQ,19800926,56.05,56.09,56.05,56.09,49620
QQQ,19800927,56.09,56.15,56.09,56.14,83045
QQQ,19800928,56.15,56.15,56.11,56.13,17723
QQQ,19800929,56.13,56.13,56.11,56.11,4973
QQQ,19800930,56.12,56.13,56.11,56.13,19272
QQQ,19801001,56.14,56.17,56.13,56.15,77974
QQQ,19801002,56.16,56.17,56.14,56.15,25357
QQQ,19801003,56.14,56.15,56.11,56.15,11085
QQQ,19801004,56.14,56.14,56.12,56.13,6694
QQQ,19801005,56.14,56.14,56.11,56.12,6800
QQQ,19801006,56.12,56.16,56.12,56.15,14465
QQQ,19801007,56.15,56.17,56.15,56.16,43031
QQQ,19801008,56.16,56.2,56.15,56.19,81882
QQQ,19801009,56.19,56.24,56.19,56.21,72056
QQQ,19801010,56.22,56.22,56.19,56.21,13660
QQQ,19801011,56.2,56.21,56.16,56.16,21279
QQQ,19801012,56.16,56.2,56.16,56.17,54480
QQQ,19801013,56.17,56.17,56.13,56.15,38389
QQQ,19801014,56.16,56.19,56.14,56.15,39328
QQQ,19801015,56.15,56.15,56.11,56.13,12452
QQQ,19801016,56.14,56.14,56.13,56.14,18379
QQQ,19801017,56.15,56.15,56.11,56.13,12887
QQQ,19801018,56.14,56.14,56.1,56.11,16606
QQQ,19801019,56.1,56.11,56.09,56.11,16045
QQQ,19801020,56.11,56.13,56.08,56.08,17160
QQQ,19801021,56.08,56.08,56.05,56.06,24509
QQQ,19801022,56.06,56.08,56.05,56.07,35623
QQQ,19801023,56.07,56.1,56.07,56.09,12962
QQQ,19801024,56.09,56.11,56.08,56.09,30270
QQQ,19801025,56.1,56.11,56.1,56.1,9431
QQQ,19801026,56.1,56.12,56.1,56.12,35386
QQQ,19801027,56.12,56.15,55.89,56.12,1024414
QQQ,19801028,56.13,56.14,56.13,56.14,32078
QQQ,19801029,56.13,56.14,56.13,56.14,7598
QQQ,19801030,56.14,56.15,56.13,56.14,65575
QQQ,19801031,56.15,56.19,56.15,56.18,50673
QQQ,19801101,56.19,56.19,56.15,56.15,14771
QQQ,19801102,56.15,56.15,56.13,56.14,14978
QQQ,19801103,56.15,56.16,56.13,56.13,6570
QQQ,19801104,56.13,56.13,56.1,56.1,8593
QQQ,19801105,56.09,56.15,56.09,56.13,18671
QQQ,19801106,56.14,56.17,56.14,56.17,18557
QQQ,19801107,56.16,56.17,56.15,56.15,17883
QQQ,19801108,56.15,56.16,56.13,56.14,28401
QQQ,19801109,56.14,56.16,56.13,56.16,5476
QQQ,19801110,56.16,56.17,56.16,56.16,5821
QQQ,19801111,56.16,56.21,56.16,56.2,31805
QQQ,19801112,56.2,56.21,56.17,56.19,17920
QQQ,19801113,56.18,56.19,56.13,56.13,10697
QQQ,19801114,56.13,56.17,56.11,56.15,28334
QQQ,19801115,56.16,56.17,56.15,56.17,4909
QQQ,19801116,56.17,56.17,56.15,56.15,9679
QQQ,19801117,56.15,56.16,56.15,56.16,3107
QQQ,19801118,56.15,56.18,56.15,56.16,17849
QQQ,19801119,56.16,56.17,56.16,56.17,4550
QQQ,19801120,56.18,56.21,56.18,56.2,26956
QQQ,19801121,56.2,56.24,56.2,56.22,47839
QQQ,19801122,56.21,56.22,56.18,56.19,37827
QQQ,19801123,56.2,56.2,56.18,56.19,4200
QQQ,19801124,56.21,56.22,56.2,56.22,13400
QQQ,19801125,56.21,56.21,56.18,56.2,22000
QQQ,19801126,56.19,56.23,56.19,56.22,35756
QQQ,19801127,56.21,56.22,56.2,56.21,23238
QQQ,19801128,56.21,56.26,56.21,56.26,52455
QQQ,19801129,56.26,56.27,56.24,56.26,72628
QQQ,19801130,56.27,56.28,56.24,56.24,11400
QQQ,19801201,56.24,56.27,56.24,56.24,98986
QQQ,19801202,56.23,56.26,56.23,56.25,33780
QQQ,19801203,56.25,56.27,56.25,56.26,11301
QQQ,19801204,56.27,56.27,56.26,56.26,9235
QQQ,19801205,56.26,56.28,56.26,56.26,13837
QQQ,19801206,56.26,56.26,56.24,56.25,67972
QQQ,19801207,56.24,56.25,56.22,56.22,32862
QQQ,19801208,56.22,56.24,56.22,56.23,35936
QQQ,19801209,56.24,56.27,56.23,56.24,49293
QQQ,19801210,56.24,56.27,56.24,56.26,42315
QQQ,19801211,56.26,56.26,56.23,56.24,43398
QQQ,19801212,56.23,56.24,56.22,56.24,7105
QQQ,19801213,56.23,56.23,56.2,56.2,24250
QQQ,19801214,56.2,56.22,56.18,56.19,50876
QQQ,19801215,56.18,56.2,56.12,56.14,101368
QQQ,19801216,56.14,56.16,56.12,56.15,80450
QQQ,19801217,56.16,56.17,56.14,56.16,26089
QQQ,19801218,56.16,56.17,56.15,56.17,26196
QQQ,19801219,56.16,56.19,56.15,56.18,39616
QQQ,19801220,56.18,56.18,56.16,56.16,18554
QQQ,19801221,56.16,56.16,56.13,56.14,63770
QQQ,19801222,56.13,56.13,56.1,56.12,49781
QQQ,19801223,56.12,56.13,56.11,56.11,16736
QQQ,19801224,56.11,56.11,56.04,56.04,87638
QQQ,19801225,56.05,56.09,56.04,56.08,37050
QQQ,19801226,56.07,56.1,56.05,56.1,57758
QQQ,19801227,56.09,56.13,56.09,56.13,41924
QQQ,19801228,56.13,56.14,56.09,56.11,31052
QQQ,19801229,56.13,56.19,56.12,56.17,73054
QQQ,19801230,56.17,56.2,56.16,56.2,15369
QQQ,19801231,56.19,56.21,56.17,56.2,25415
QQQ,19810101,56.22,56.22,56.18,56.18,17935
QQQ,19810102,56.19,56.19,56.14,56.18,44858
QQQ,19810103,56.18,56.22,56.17,56.22,22875
QQQ,19810104,56.21,56.21,56.18,56.18,42067
QQQ,19810105,56.19,56.19,56.13,56.15,47711
QQQ,19810106,56.14,56.2,56.11,56.2,94368
QQQ,19810107,56.2,56.22,56.18,56.18,124979
QQQ,19810108,56.18,56.22,56.18,56.22,25641
QQQ,19810109,56.22,56.24,56.22,56.23,26710
QQQ,19810110,56.24,56.24,56.18,56.19,32999
QQQ,19810111,56.18,56.19,56.15,56.16,96282
QQQ,19810112,56.17,56.18,56.13,56.15,35312
QQQ,19810113,56.15,56.16,56.13,56.15,82208
QQQ,19810114,56.16,56.22,56.14,56.22,81874
QQQ,19810115,56.21,56.22,56.18,56.2,93938
QQQ,19810116,56.2,56.23,56.2,56.21,44547
QQQ,19810117,56.21,56.21,56.18,56.18,19879
QQQ,19810118,56.18,56.19,56.14,56.16,25582
QQQ,19810119,56.16,56.18,56.13,56.15,59527
QQQ,19810120,56.16,56.17,56.14,56.17,23167
QQQ,19810121,56.17,56.17,56.12,56.15,42152
QQQ,19810122,56.15,56.15,56.1,56.1,54002
QQQ,19810123,56.11,56.12,56.09,56.12,52009
QQQ,19810124,56.13,56.19,56.11,56.19,109767
